50
0 14 -5 4 -14 -12 14 -9 2 11 -8 13 -8 7 -16 16 13 -2 -4 18 -17 -8 9 -1 -10 -7 -8 12 19 -12 -17 -18 -14 -10 5 -2 2 -4 11 4 14 4 -14 -2 -6 -13 19 -17 -20 7 89 
16 0 -8 7 -12 -20 20 -18 -1 1 17 -19 10 8 -7 15 -6 0 -10 7 16 -9 -9 8 19 6 -12 7 -6 -17 -19 -5 -3 12 10 13 -17 -14 16 -3 5 11 5 -4 6 -11 -1 16 -11 20 12 
-19 1 0 8 -2 11 -1 -9 14 20 -5 -3 -20 -3 14 -2 17 20 5 19 -16 1 1 -18 -7 5 7 6 1 -2 19 0 2 -8 3 9 -15 -14 -9 -17 5 -5 -3 10 20 8 20 19 16 -19 83 
-19 8 17 0 -7 -11 13 -19 -1 -12 -16 -13 5 -18 5 11 1 13 -12 -4 20 0 -1 -4 -15 13 10 -19 -4 2 -3 1 8 19 12 2 -20 9 19 12 14 6 10 17 19 -18 13 -9 1 -19 35 
8 -14 -20 7 0 18 10 6 -2 -9 17 -18 18 -20 -11 0 7 -15 -2 -11 3 -15 -18 -12 15 -5 17 0 19 9 15 -7 -8 -11 -11 -19 4 14 -16 6 -11 6 -5 11 5 7 4 -7 0 -11 10 
-16 16 -13 -12 7 0 -12 -1 -3 -9 -5 10 -12 6 -2 5 17 8 20 -18 4 13 -7 -4 8 -9 -8 13 9 14 -8 -11 9 18 -20 -9 18 18 19 -20 -3 4 -10 -20 4 20 7 18 18 6 -92 
7 6 -10 -12 10 -3 0 10 -14 -11 20 -13 19 -8 17 6 12 -17 17 2 6 10 17 18 -8 -2 16 9 -11 -18 -2 -4 -12 -4 -20 17 11 -8 -2 14 3 -9 -3 -4 11 -11 2 19 -10 5 74 
-7 3 -20 16 -1 16 -7 0 -18 17 14 -9 7 7 9 -14 -5 -9 11 -19 15 0 -17 -12 2 -15 8 5 14 2 5 6 7 -14 -6 8 -3 10 -20 2 4 -10 -14 -19 -9 -8 8 19 -11 12 -48 
-19 -17 -11 19 -1 -18 3 11 0 1 0 14 3 14 2 -11 20 -1 -18 20 14 11 -2 -14 10 18 -18 19 -17 15 3 7 2 6 17 20 7 -16 -8 2 -16 -12 19 10 7 -8 20 -13 15 -17 -65 
20 19 -11 -15 19 -7 -20 -1 -9 0 -6 15 -10 19 10 -14 -20 -18 -3 0 -12 -19 -7 -12 14 -7 20 -15 12 -10 4 -19 1 -1 12 -1 6 -12 -19 3 3 -18 -19 11 -2 2 13 17 -9 -13 -56 
-13 -2 -12 5 3 5 -12 4 19 1 0 12 -6 -3 -14 -4 17 18 6 -18 4 13 18 -1 -13 13 14 4 18 -5 8 12 -4 -16 -20 -8 -6 14 -7 -13 -15 -12 -15 -12 -13 -20 20 -15 0 6 11 
3 20 8 4 0 2 -8 -2 8 5 16 0 -8 -6 18 17 3 -2 -16 18 -17 19 18 3 -19 -14 -7 16 20 -1 -14 -8 -3 1 9 -10 6 7 18 -13 -8 8 14 -4 7 16 -10 3 11 -18 -78 
-4 6 5 -11 19 0 17 -18 -16 -16 6 -19 0 -16 0 1 5 10 -9 -12 1 -13 -18 -5 -15 9 8 4 -6 9 -18 6 19 20 5 -12 6 -14 -18 20 -11 -4 -15 7 -8 4 0 -2 -3 20 83 
-13 3 -3 15 7 20 -8 6 -19 16 -10 -1 0 0 10 -3 7 19 1 14 19 1 0 -1 -16 -4 -2 -1 4 19 12 2 16 -10 16 10 1 16 -14 14 20 4 1 15 -18 -7 -11 8 10 -15 -4 
-15 -6 0 1 11 11 11 1 -4 -8 19 -17 16 -18 0 7 13 -5 -18 19 -17 16 -16 -6 -19 0 19 -18 -16 11 3 13 -17 19 -5 7 -3 15 19 8 14 14 6 -10 -15 -15 19 -12 -15 -20 -21 
19 6 14 6 -12 -16 -10 -17 -20 -17 5 13 -20 -12 0 0 3 1 -7 -8 -5 16 8 -18 7 -19 -15 4 20 3 6 -1 8 17 17 -2 2 -4 3 -4 4 10 0 6 15 6 -10 16 -6 17 54 
4 -4 -6 -8 -16 -1 -19 19 19 -2 -14 15 6 11 -16 12 0 12 3 -5 8 -7 -6 -15 -11 18 16 -14 -20 20 3 -10 12 5 -12 -19 4 -15 8 -7 1 14 6 13 17 14 1 -3 -13 -12 -52 
8 -5 -4 -14 -10 0 -14 -12 -8 -13 -7 -20 -20 -14 -6 15 -20 0 17 3 -10 14 10 -18 9 8 10 18 17 -4 -16 -5 18 -4 14 15 -2 1 19 -7 20 17 -12 -11 -10 13 -10 17 -4 11 36 
9 10 12 -13 -2 -5 6 -5 19 2 -1 -1 0 1 8 -9 -11 -3 0 -9 20 20 11 10 -19 14 6 12 5 -3 -17 -10 -16 14 -2 11 8 3 -8 4 20 18 -15 18 11 -6 -20 13 6 -14 12 
-7 -11 0 11 13 -7 11 20 20 -13 -11 -11 -4 5 17 6 0 17 8 0 7 -4 17 19 -19 -7 20 -20 7 10 -18 6 11 5 -3 3 8 20 -18 1 -2 -12 -16 6 -7 17 -6 -9 14 14 99 
0 -14 16 16 -8 -13 14 0 -8 -12 20 -9 18 -4 -7 6 15 -1 10 -4 0 0 -2 -9 -2 -14 -17 15 10 -12 6 -4 -5 0 -7 -4 -9 20 3 -16 -13 -13 -6 14 -20 -10 13 15 5 11 -63 
13 3 16 7 3 13 11 -20 20 -9 9 17 -4 -9 -10 18 -15 -20 2 -4 -16 0 -7 -8 0 -10 11 -2 15 10 6 -13 20 -10 2 -10 18 20 -1 12 20 16 -4 13 -10 13 15 -8 -17 -15 73 
-8 3 15 -6 -5 14 8 -16 18 -11 16 -1 1 -7 -10 0 -4 15 -9 13 -9 3 0 14 5 14 14 11 2 -10 -15 -18 -13 -2 -8 2 20 17 7 -12 10 15 4 -18 -13 -9 -11 -5 -6 -10 92 
8 9 13 0 16 -16 16 4 1 2 -18 -4 -4 4 13 -4 -11 -11 8 19 17 -12 -8 0 -17 -20 -3 -19 10 12 -15 18 10 -13 -10 0 11 5 -12 -6 17 -5 8 18 13 -18 -5 -14 10 -16 -21 
-4 -14 13 -15 -11 -20 14 -17 4 -2 17 -6 17 -4 -17 2 -5 20 6 -7 15 -1 0 7 0 -15 -15 3 8 -5 9 -6 12 -12 -3 -15 18 0 -1 13 18 11 -13 -11 -4 -14 -13 20 -11 15 46 
-14 -5 -15 2 13 19 13 20 6 -9 -4 8 18 -3 15 -3 -4 19 -13 5 -18 -3 -12 -18 -1 0 11 -2 -10 0 5 9 -15 -18 16 17 -20 -13 -4 -14 15 -4 -2 11 -8 -13 1 20 17 4 -89 
-11 -9 0 -19 -15 -17 -6 14 -13 -11 -18 -12 -1 8 -20 -7 0 4 -15 -11 18 0 2 4 14 13 0 6 -4 11 2 2 15 -2 9 -2 4 -13 19 12 -10 5 14 6 2 -18 4 16 7 -15 88 
8 18 14 3 19 9 -4 4 -11 17 -11 6 16 0 -12 -4 -3 16 -9 3 -16 8 8 3 1 9 13 0 -2 20 15 3 -11 7 -20 9 7 -14 -4 -8 -13 -10 4 -9 14 -19 13 -18 -13 14 -66 
9 -1 -11 3 -12 8 -11 3 -11 11 19 -4 1 -20 13 -9 -17 8 -16 0 -12 -1 -15 7 2 8 -7 10 0 -8 10 9 -16 -10 3 8 16 -3 12 -18 -19 -6 -19 -1 0 7 -13 -20 -15 -13 60 
13 -16 -13 -4 -7 15 13 9 6 -5 15 4 6 8 14 -3 -11 -3 -7 -15 0 6 -19 -15 16 2 4 -12 -19 0 20 5 -18 6 -18 18 -17 0 -1 19 -3 -7 -1 -8 -9 -16 19 -14 -6 -20 21 
-12 -17 16 8 13 -19 10 12 -11 -15 -13 14 -4 -16 1 -6 -13 19 16 11 -17 13 -17 0 20 2 -11 -20 17 11 0 -1 17 -8 -5 -5 -1 19 8 15 -10 -11 7 -10 -18 5 -10 -3 -8 1 52 
13 18 18 19 18 2 17 4 -11 15 -6 -8 3 -5 -2 -9 9 2 -14 -7 -1 -7 -19 18 3 -17 -10 -18 10 12 10 0 13 1 6 4 6 -18 9 16 -13 -16 9 -17 1 -5 -18 8 7 -18 -40 
7 -12 18 -15 -1 -9 2 -15 2 14 19 -17 17 -11 9 17 -7 -3 0 -5 -8 -8 0 18 15 15 3 -10 -9 -6 -20 -19 0 -17 3 -8 -16 -9 -11 -1 -1 11 20 -9 11 -6 2 13 -1 -12 0 
-15 14 -4 -4 -14 2 -15 17 -7 -14 -17 -8 13 8 17 -11 -6 18 16 7 -3 2 3 -8 15 -6 3 11 -16 -3 -20 19 -19 0 18 20 -9 9 17 -18 -3 -7 12 8 15 10 0 5 6 -5 68 
5 19 -2 17 -14 -19 -15 4 -7 -4 -18 -19 -13 7 20 -16 2 -15 -7 4 -4 4 11 8 12 -15 -5 9 15 -8 12 -15 -15 -12 0 -6 -17 17 -12 -8 12 -14 -7 -15 -18 6 0 -17 15 -8 -61 
16 -6 -13 20 2 16 -2 -11 4 -10 -3 16 -3 14 -10 9 4 -14 -5 -15 -11 20 -2 16 -6 -18 0 20 17 15 14 16 -14 -9 -18 0 11 -2 14 -7 9 -5 -11 15 7 8 -18 -17 6 14 53 
-20 -1 -12 1 9 14 9 -15 10 16 12 -7 19 14 2 -13 16 -5 -1 13 -11 -14 5 -3 -14 16 -10 -6 17 7 -1 4 2 -11 17 17 0 12 17 -18 1 0 -4 9 2 -18 5 -4 19 -16 66 
-20 9 -20 -3 -15 10 17 -10 14 -9 20 8 9 10 -10 -4 -5 14 -10 7 -15 -2 16 -18 -2 0 -1 3 18 -15 -1 -3 9 14 5 2 0 0 -20 -15 -9 3 6 11 18 18 10 15 -18 -3 64 
-1 -12 -18 14 8 -14 -13 -3 5 -10 -20 -19 -10 9 5 3 -7 -5 -20 17 -4 15 4 13 12 5 -8 16 -3 -7 5 -11 10 7 -12 -13 0 13 0 12 -9 -7 -8 10 -10 5 0 -8 20 12 -73 
14 3 -1 -11 -14 -4 9 -14 -17 5 -17 -16 3 -10 10 -14 -7 15 -13 9 12 -12 12 9 -4 2 3 2 12 -9 17 -17 -19 -10 12 -13 -1 -20 -1 0 -10 -12 14 -11 1 3 -2 -13 -4 16 -72 
17 10 6 -9 0 -9 5 -19 6 -2 10 -19 2 -12 15 -9 16 -18 16 10 -17 10 20 -9 0 0 -1 11 1 -13 10 -20 -2 -10 -4 8 -9 -2 8 -5 0 20 -5 12 -7 17 14 -15 -20 16 57 
9 14 19 3 14 19 -19 7 3 2 -15 -2 1 -4 -12 -20 4 -4 -15 -11 -11 16 7 16 -6 19 -12 -16 9 -1 -17 -7 -8 0 -7 19 11 9 10 15 -10 0 8 -17 -15 -3 17 16 18 15 27 
18 -19 10 10 6 -20 -10 17 3 19 -13 8 5 -17 -4 4 -8 -11 -9 -2 -1 0 -6 -19 7 -5 8 -7 -13 14 5 1 12 -11 9 8 -9 17 -6 -18 6 -18 0 9 13 -16 -17 0 -2 -18 -99 
-3 11 19 16 -8 -17 -8 -14 -10 13 4 19 11 10 -16 15 6 -8 -8 4 -14 -3 19 3 7 -15 9 17 -16 6 6 -16 -19 20 -6 -10 -12 19 -2 12 -10 -2 -17 0 -9 -8 -8 6 7 -14 -94 
-15 -4 -12 8 19 0 8 1 16 7 -19 1 -16 7 -13 16 -2 14 2 -9 -18 0 -8 14 -2 20 14 14 19 -5 20 -8 20 -18 -20 -14 -10 -20 5 -16 -2 -9 -4 -10 0 7 0 -6 16 1 -23 
8 7 1 -15 16 -11 19 8 -9 9 19 -12 -9 12 17 -19 -20 19 8 20 20 -13 -13 10 -8 14 -12 -12 -17 16 -4 -9 -2 -16 2 -1 -14 -16 18 3 -13 -4 -1 -10 -1 0 -5 -20 6 11 62 
18 3 0 -3 -5 8 14 12 -14 -9 -20 -4 -3 -16 20 4 13 0 14 -2 13 4 7 4 14 -3 -7 5 19 12 20 0 -17 6 0 -7 11 -14 8 -17 0 13 19 -8 6 11 0 6 -3 -6 36 
4 -14 -6 -3 -20 -16 -13 14 9 -5 -12 -5 -19 -2 7 -13 10 2 17 -2 -16 -14 7 -13 -16 8 -8 -1 -3 5 -18 16 -9 18 -1 -15 10 -10 -4 5 -6 1 11 10 -6 3 10 0 15 6 48 
17 3 7 -13 -15 1 4 16 -20 0 -14 3 4 7 -19 -19 -14 19 7 -7 -10 18 -19 -19 -5 20 13 -10 14 -6 14 12 10 -7 -2 4 0 -16 8 -17 18 -12 -7 -3 -8 13 -19 -4 0 7 94 
-7 3 1 -3 -13 -11 -11 -2 -12 -5 7 -17 -6 15 11 -13 13 6 -10 -15 -11 0 10 -6 -1 20 12 3 -4 -2 11 -15 -18 -9 -18 -16 -16 -12 15 -20 17 20 -15 -13 6 1 7 19 2 0 -48 
